Analyze:
Start!
[[[[0, [4, 5]], [0, 0]], [[[4, 5], [2, 6]], [9, 5]]], [7, [[[3, 7], [4, 3]], [[6, 3], [8, 8]]]]]
Explode!
[[[[4, 0], [5, 0]], [[[4, 5], [2, 6]], [9, 5]]], [7, [[[3, 7], [4, 3]], [[6, 3], [8, 8]]]]]
Explode!
[[[[4, 0], [5, 4]], [[0, [7, 6]], [9, 5]]], [7, [[[3, 7], [4, 3]], [[6, 3], [8, 8]]]]]
Explode!
[[[[4, 0], [5, 4]], [[7, 0], [15, 5]]], [7, [[[3, 7], [4, 3]], [[6, 3], [8, 8]]]]]
Explode!
[[[[4, 0], [5, 4]], [[7, 0], [15, 5]]], [10, [[0, [11, 3]], [[6, 3], [8, 8]]]]]
Explode!
[[[[4, 0], [5, 4]], [[7, 0], [15, 5]]], [10, [[11, 0], [[9, 3], [8, 8]]]]]
Explode!
[[[[4, 0], [5, 4]], [[7, 0], [15, 5]]], [10, [[11, 9], [0, [11, 8]]]]]
Explode!
[[[[4, 0], [5, 4]], [[7, 0], [15, 5]]], [10, [[11, 9], [11, 0]]]]
Split!
[[[[4, 0], [5, 4]], [[7, 0], [[7, 8], 5]]], [10, [[11, 9], [11, 0]]]]
Explode!
[[[[4, 0], [5, 4]], [[7, 7], [0, 13]]], [10, [[11, 9], [11, 0]]]]
Split!
[[[[4, 0], [5, 4]], [[7, 7], [0, [6, 7]]]], [10, [[11, 9], [11, 0]]]]
Explode!
[[[[4, 0], [5, 4]], [[7, 7], [6, 0]]], [17, [[11, 9], [11, 0]]]]
Split!
[[[[4, 0], [5, 4]], [[7, 7], [6, 0]]], [[8, 9], [[11, 9], [11, 0]]]]
Split!
[[[[4, 0], [5, 4]], [[7, 7], [6, 0]]], [[8, 9], [[[5, 6], 9], [11, 0]]]]
Explode!
[[[[4, 0], [5, 4]], [[7, 7], [6, 0]]], [[8, 14], [[0, 15], [11, 0]]]]
Split!
[[[[4, 0], [5, 4]], [[7, 7], [6, 0]]], [[8, [7, 7]], [[0, 15], [11, 0]]]]
Explode!
[[[[4, 0], [5, 4]], [[7, 7], [6, 0]]], [[15, 0], [[7, 15], [11, 0]]]]
Split!
[[[[4, 0], [5, 4]], [[7, 7], [6, 0]]], [[[7, 8], 0], [[7, 15], [11, 0]]]]
Explode!
[[[[4, 0], [5, 4]], [[7, 7], [6, 7]]], [[0, 8], [[7, 15], [11, 0]]]]
Split!
[[[[4, 0], [5, 4]], [[7, 7], [6, 7]]], [[0, 8], [[7, [7, 8]], [11, 0]]]]
Explode!
[[[[4, 0], [5, 4]], [[7, 7], [6, 7]]], [[0, 8], [[14, 0], [19, 0]]]]
Split!
[[[[4, 0], [5, 4]], [[7, 7], [6, 7]]], [[0, 8], [[[7, 7], 0], [19, 0]]]]
Explode!
[[[[4, 0], [5, 4]], [[7, 7], [6, 7]]], [[0, 15], [[0, 7], [19, 0]]]]
Split!
[[[[4, 0], [5, 4]], [[7, 7], [6, 7]]], [[0, [7, 8]], [[0, 7], [19, 0]]]]
Explode!
[[[[4, 0], [5, 4]], [[7, 7], [6, 7]]], [[7, 0], [[8, 7], [19, 0]]]]
Split!
[[[[4, 0], [5, 4]], [[7, 7], [6, 7]]], [[7, 0], [[8, 7], [[9, 10], 0]]]]
Explode!
[[[[4, 0], [5, 4]], [[7, 7], [6, 7]]], [[7, 0], [[8, 16], [0, 10]]]]
Split!
[[[[4, 0], [5, 4]], [[7, 7], [6, 7]]], [[7, 0], [[8, [8, 8]], [0, 10]]]]
Explode!
[[[[4, 0], [5, 4]], [[7, 7], [6, 7]]], [[7, 0], [[16, 0], [8, 10]]]]
Split!
[[[[4, 0], [5, 4]], [[7, 7], [6, 7]]], [[7, 0], [[[8, 8], 0], [8, 10]]]]
Explode!
[[[[4, 0], [5, 4]], [[7, 7], [6, 7]]], [[7, 8], [[0, 8], [8, 10]]]]
Split!
[[[[4, 0], [5, 4]], [[7, 7], [6, 7]]], [[7, 8], [[0, 8], [8, [5, 5]]]]]
Explode!
[[[[4, 0], [5, 4]], [[7, 7], [6, 7]]], [[7, 8], [[0, 8], [13, 0]]]]
Split!
[[[[4, 0], [5, 4]], [[7, 7], [6, 7]]], [[7, 8], [[0, 8], [[6, 7], 0]]]]
Explode!
[[[[4, 0], [5, 4]], [[7, 7], [6, 7]]], [[7, 8], [[0, 14], [0, 7]]]]
Split!
[[[[4, 0], [5, 4]], [[7, 7], [6, 7]]], [[7, 8], [[0, [7, 7]], [0, 7]]]]
Explode!
[[[[4, 0], [5, 4]], [[7, 7], [6, 7]]], [[7, 8], [[7, 0], [7, 7]]]]